0x55 0xaa 0x09 0x00 0x09
0x00 0x55 0xaa 0x01 0x13 0x24 0x80 0x00 0x00 0x66 0x52 0x30 0x39 0x52 0x00 0x6f 0x00 0x6f 0x00 0x6d 0x00 0x20 0x00 0x74 0xe0
$00$55$aa$01$13$24$80$00$00$66$52$30$39$52$00$6f$00$6f$00$6d$00$20$00$74$e0

 
00 00 15 4E 00 5F 00 55 AA 05 01 02 06 AA 55 05 01 00 04 55 AA 09 00 09 
AA 55 09 06 00 00 00 00 00 00 0F 00 55 AA 01 05 24 80 00 00 66 C6 AA 55 
01 05 00 00 15 4E 00 5F 55 AA 09 00 09 AA 55 09 06 00 00 00 00 00 00 0F 
00 55 AA 05 01 02 06 AA 55 05 01 00 04 55 AA 09 00 09 AA 55 09 06 00 00 
00 00 00 00 0F 00 55 AA 01 05 24 80 00 00 66 C6 AA 55 01 05 00 00 15 4E 
00 5F 55 AA 09 00 09 AA 55 09 06 00 00 00 00 00 00 0F 00 55 AA 05 01 02 
06 AA 55 05 01 00 04 00 55 AA 01 05 24 80 00 00 66 C6 AA 55 01 05 00 00 
15 4E 00 5F 00 55 AA 05 01 02 06 AA 55 05 01 00 04 55 AA 09 00 09 AA 55 
09 06 00 00 00 00 00 00 0F 00 55 AA 01 05 24 80 00 00 66 C6 AA 55 01 05 
00 00 15 4E 00 5F 00 55 AA 05 01 02 06 AA 55 05 01 00 04 55 AA 09 00 09 
AA 55 09 06 00 00 00 00 00 00 0F 00 55 AA 01 05 24 80 00 00 66 C6 AA 55 
01 05 00 00 15 4E 00 5F 55 AA 09 00 09 AA 55 09 06 00 00 00 00 00 00 0F 
00 55 AA 05 01 02 06 AA 55 05 01 00 04 55 AA 09 00 09 AA 55 09 06 00 00 
00 00 00 00 0F 00 55 AA 01 05 24 80 00 00 66 C6 AA 55 01 05 00 00 15 4E 
00 5F 00 55 AA 05 01 02 06 AA 55 05 01 00 04 55 AA 09 00 09 AA 55 09 06 
00 00 00 00 00 00 0F 00 55 AA 01 05 24 80 00 00 66 C6 AA 55 01 05 00 00 
15 4E 00 5F 55 AA 09 00 09 AA 55 09 06 00 00 00 00 00 00 0F 00 55 AA 05 
01 02 06 AA 55 05 01 00 04 55 AA 09 00 09 AA 55 09 06 00 00 00 00 00 00 
0F 00 55 AA 01 05 24 80 00 00 66 C6 AA 55 01 05 00 00 15 4E 00 5F 00 55 
AA 05 01 02 06 AA 55 05 01 00 04 55 AA 09 00 09 AA 55 09 06 00 00 00 00 
00 00 0F 00 55 AA 01 05 24 80 00 00 66 C6 AA 55 01 05 00 00 15 4E 00 5F 
55 AA 09 00 09 AA 55 09 06 00 00 00 00 00 00 0F 00 55 AA 05 01 02 06 AA 
55 05 01 00 04 55 AA 09 00 09 AA 55 09 06 00 00 00 00 00 00 0F 00 55 AA 
01 05 24 80 00 00 66 C6 AA 55 01 05 00 00 15 4E 00 5F 55 AA 09 00 09 AA 
55 09 06 00 00 00 00 00 00 0F 00 55 AA 05 01 02 06 AA 55 05 01 00 04 00 
55 AA 01 05 24 80 00 00 66 C6 AA 55 01 05 00 00 15 4E 00 5F 00 55 AA 05 
01 02 06 AA 55 05 01 00 04 55 AA 09 00 09 AA 55 09 06 00 00 00 00 00 00 
0F 00 55 AA 01 05 24 80 00 00 66 C6 AA 55 01 05 00 00 15 4E 00 5F 00 55 
AA 05 01 02 06 AA 55 05 01 00 04 55 AA 09 00 09 AA 55 09 06 00 00 00 00 
00 00 0F 00 55 AA 01 05 24 80 00 00 66 C6 AA 55 01 05 00 00 15 4E 00 5F 
55 AA 09 00 09 AA 55 09 06 00 00 00 00 00 00 0F 00 55 AA 05 01 02 06 AA 
55 05 01 00 04 55 AA 09 00 09 AA 55 09 06 00 00 00 00 00 00 0F 00 55 AA 
01 05 24 80 00 00 66 C6 AA 55 01 05 00 00 15 4E 00 5F 00 55 AA 05 01 02 
06 AA 55 05 01 00 04 55 AA 09 00 09 AA 55 09 06 00 00 00 00 00 00 0F 00 
55 AA 01 05 24 80 00 00 66 C6 AA 55 01 05 00 00 15 4E 00 5F 55 AA 09 00 
09 AA 55 09 06 00 00 00 00 00 00 0F 00 55 AA 05 01 02 06 AA 55 05 01 00 
04 55 AA 09 00 09 AA 55 09 06 00 00 00 00 00 00 0F 00 55 AA 01 05 24 80 
00 00 66 C6 AA 55 01 05 00 00 15 4E 00 5F 00 55 AA 05 01 02 06 AA 55 05 
01 00 04 55 AA 09 00 09 AA 55 09 06 00 00 00 00 00 00 0F 00 55 AA 01 05 
24 80 00 00 66 C6 AA 55 01 05 00 00 15 4E 00 5F 55 AA 09 00 09 AA 55 09 
06 00 00 00 00 00 00 0F 00 55 AA 05 01 02 06 AA 55 05 01 00 04 55 AA 09 
00 09 AA 55 09 06 00 00 00 00 00 00 0F 00 55 AA 01 05 24 80 00 00 66 C6 
AA 55 01 05 00 00 15 4E 00 5F 55 AA 09 00 09 AA 55 09 06 00 00 00 00 00 
00 0F 00 55 AA 05 01 02 06 AA 55 05 01 00 04 00 55 AA 01 05 24 80 00 00 
66 C6 AA 55 01 05 00 00 15 4E 00 5F 00 55 AA 05 01 02 06 AA 55 05 01 00 
04 55 AA 09 00 09 AA 55 09 06 00 00 00 00 00 00 0F 00 55 AA 01 05 24 80 
00 00 66 C6 AA 55 01 05 00 00 15 4E 00 5F 00 55 AA 05 01 02 06 AA 55 05 
01 00 04 55 AA 09 00 09 AA 55 09 06 00 00 00 00 00 00 0F 00 55 AA 01 05 
24 80 00 00 66 C6 AA 55 01 05 00 00 15 4E 00 5F 55 AA 09 00 09 AA 55 09 
06 00 00 00 00 00 00 0F 00 55 AA 05 01 02 06 AA 55 05 01 00 04 55 AA 09 
00 09 AA 55 09 06 00 00 00 00 00 00 0F 00 55 AA 01 05 24 80 00 00 66 C6 
AA 55 01 05 00 00 15 4E 00 5F 00 55 AA 05 01 02 06 AA 55 05 01 00 04 55 
AA 09 00 09 AA 55 09 06 00 00 00 00 00 00 0F 00 55 AA 01 05 24 80 00 00 
66 C6 AA 55 01 05 00 00 15 4E 00 5F 55 AA 09 00 09 AA 55 09 06 00 00 00 
00 00 00 0F 00 55 AA 05 01 02 06 AA 55 05 01 00 04 55 AA 09 00 09 AA 55 
09 06 00 00 00 00 00 00 0F 00 55 AA 01 05 24 80 00 00 66 C6 AA 55 01 05 
00 00 15 4E 00 5F 00 55 AA 05 01 02 06 AA 55 05 01 00 04 55 AA 09 00 09 
AA 55 09 06 00 00 00 00 00 00 0F 00 55 AA 01 05 24 80 00 00 66 C6 AA 55 
01 05 00 00 15 4E 00 5F 55 AA 09 00 09 AA 55 09 06 00 00 00 00 00 00 0F 
00 55 AA 05 01 02 06 AA 55 05 01 00 04 55 AA 09 00 09 AA 55 09 06 00 00 
00 00 00 00 0F 00 55 AA 01 05 24 80 00 00 66 C6 AA 55 01 05 00 00 15 4E 
00 5F 55 AA 09 00 09 AA 55 09 06 00 00 00 00 00 00 0F 00 55 AA 05 01 02 
06 AA 55 05 01 00 04 00 55 AA 01 05 24 80 00 00 66 C6 AA 55 01 05 00 00 
15 4E 00 5F 00 55 AA 05 01 02 06 AA 55 05 01 00 04 55 AA 09 00 09 AA 55 
09 06 00 00 00 00 00 00 0F 00 55 AA 01 05 24 80 00 00 66 C6 AA 55 01 05 
00 00 15 4E 00 5F 00 55 AA 05 01 02 06 AA 55 05 01 00 04 55 AA 09 00 09 
AA 55 09 06 00 00 00 00 00 00 0F 00 55 AA 01 05 24 80 00 00 66 C6 AA 55 
01 05 00 00 15 4E 00 5F 55 AA 09 00 09 AA 55 09 06 00 00 00 00 00 00 0F 
00 55 AA 05 01 02 06 AA 55 05 01 00 04 55 AA 09 00 09 AA 55 09 06 00 00 
00 00 00 00 0F 00 55 AA 01 05 24 80 00 00 66 C6 AA 55 01 05 00 00 15 4E 
00 5F 00 55 AA 05 01 02 06 AA 55 05 01 00 04 55 AA 09 00 09 AA 55 09 06 
00 00 00 00 00 00 0F 00 55 AA 01 05 24 80 00 00 66 C6 AA 55 01 05 00 00 
15 4E 00 5F 55 AA 09 00 09 AA 55 09 06 00 00 00 00 00 00 0F 00 55 AA 05 
01 02 06 AA 55 05 01 00 04 55 AA 09 00 09 AA 55 09 06 00 00 00 00 00 00 
0F 00 55 AA 01 05 24 80 00 00 66 C6 AA 55 01 05 00 00 15 4E 00 5F 00 55 
AA 05 01 02 06 AA 55 05 01 00 04 55 AA 09 00 09 AA 55 09 06 00 00 00 00 
00 00 0F 00 55 AA 01 05 24 80 00 00 66 C6 AA 55 01 05 00 00 15 4E 00 5F 
55 AA 09 00 09 AA 55 09 06 00 00 00 00 00 00 0F 00 55 AA 05 01 02 06 AA 
55 05 01 00 04 55 AA 09 00 09 AA 55 09 06 00 00 00 00 00 00 0F 00 55 AA 
01 05 24 80 00 00 66 C6 AA 55 01 05 00 00 15 4E 00 5F 55 AA 09 00 09 AA 
55 09 06 00 00 00 00 00 00 0F 00 55 AA 05 01 02 06 AA 55 05 01 00 04 00 
55 AA 01 05 24 80 00 00 66 C6 AA 55 01 05 00 00 15 4E 00 5F 00 55 AA 05 
01 02 06 AA 55 05 01 00 04 55 AA 09 00 09 AA 55 09 06 00 00 00 00 00 00 
0F 00 55 AA 01 05 24 80 00 00 66 C6 AA 55 01 05 00 00 15 4E 00 5F 00 55 
AA 05 01 02 06 AA 55 05 01 00 04 55 AA 09 00 09 AA 55 09 06 00 00 00 00 
00 00 0F 00 55 AA 01 05 24 80 00 00 66 C6 AA 55 01 05 00 00 15 4E 00 5F 
55 AA 09 00 09 AA 55 09 06 00 00 00 00 00 00 0F 00 55 AA 05 01 02 06 AA 
55 05 01 00 04 55 AA 09 00 09 AA 55 09 06 00 00 00 00 00 00 0F 00 55 AA 
01 05 24 80 00 00 66 C6 AA 55 01 05 00 00 15 4E 00 5F 00 55 AA 05 01 02 
06 AA 55 05 01 00 04 55 AA 09 00 09 AA 55 09 06 00 00 00 00 00 00 0F 00 
55 AA 01 05 24 80 00 00 66 C6 AA 55 01 05 00 00 15 4E 00 5F 55 AA 09 00 
09 AA 55 09 06 00 00 00 00 00 00 0F 00 55 AA 05 01 02 06 AA 55 05 01 00 
04 55 AA 09 00 09 AA 55 09 06 00 00 00 00 00 00 0F 00 55 AA 01 05 24 80 
00 00 66 C6 AA 55 01 05 00 00 15 4E 00 5F 00 55 AA 05 01 02 06 AA 55 05 
01 00 04 55 AA 09 00 09 AA 55 09 06 00 00 00 00 00 00 0F 00 55 AA 01 05 
24 80 00 00 66 C6 AA 55 01 05 00 00 15 4E 00 5F 55 AA 09 00 09 AA 55 09 
06 00 00 00 00 00 00 0F 00 55 AA 05 01 02 06 AA 55 05 01 00 04 55 AA 09 
00 09 AA 55 09 06 00 00 00 00 00 00 0F 00 55 AA 01 05 24 80 00 00 66 C6 
AA 55 01 05 00 00 15 4E 00 5F 55 AA 09 00 09 AA 55 09 06 00 00 00 00 00 
00 0F 00 55 AA 05 01 02 06 AA 55 05 01 00 04 00 55 AA 01 05 24 80 00 00 
66 C6 AA 55 01 05 00 00 15 4E 00 5F 00 55 AA 05 01 02 06 AA 55 05 01 00 
04 55 AA 09 00 09 AA 55 09 06 00 00 00 00 00 00 0F 00 55 AA 01 05 24 80 
00 00 66 C6 AA 55 01 05 00 00 15 4E 00 5F 00 55 AA 05 01 02 06 AA 55 05 
01 00 04 55 AA 09 00 09 AA 55 09 06 00 00 00 00 00 00 0F 00 55 AA 01 05 
24 80 00 00 66 C6 AA 55 01 05 00 00 15 4E 00 5F 55 AA 09 00 09 AA 55 09 
06 00 00 00 00 00 00 0F 00 55 AA 05 01 02 06 AA 55 05 01 00 04 55 AA 09 
00 09 AA 55 09 06 00 00 00 00 00 00 0F 00 55 AA 01 05 24 80 00 00 66 C6 
AA 55 01 05 00 00 15 4E 00 5F 00 55 AA 05 01 02 06 AA 55 05 01 00 04 55 
AA 09 00 09 AA 55 09 06 00 00 00 00 00 00 0F 00 55 AA 01 05 24 80 00 00 
66 C6 AA 55 01 05 00 00 15 4E 00 5F 55 AA 09 00 09 AA 55 09 06 00 00 00 
00 00 00 0F 00 55 AA 05 01 02 06 AA 55 05 01 00 04 55 AA 09 00 09 AA 55 
09 06 00 00 00 00 00 00 0F 00 55 AA 01 05 24 80 00 00 66 C6 AA 55 01 05 
00 00 15 4E 00 5F 00 55 AA 05 01 02 06 AA 55 05 01 00 04 55 AA 09 00 09 
AA 55 09 06 00 00 00 00 00 00 0F 00 55 AA 01 05 24 80 00 00 66 C6 AA 55 
01 05 00 00 15 4E 00 5F 55 AA 09 00 09 AA 55 09 06 00 00 00 00 00 00 0F 
00 55 AA 05 01 02 06 AA 55 05 01 00 04 55 AA 09 00 09 AA 55 09 06 00 00 
00 00 00 00 0F 00 55 AA 01 05 24 80 00 00 66 C6 AA 55 01 05 00 00 15 4E 
00 5F 55 AA 09 00 09 AA 55 09 06 00 00 00 00 00 00 0F 00 55 AA 05 01 02 
06 AA 55 05 01 00 04 00 55 AA 01 05 24 80 00 00 66 C6 AA 55 01 05 00 00 
15 4E 00 5F 00 55 AA 05 01 02 06 AA 55 05 01 00 04 55 AA 09 00 09 AA 55 
09 06 00 00 00 00 00 00 0F 00 55 AA 01 05 24 80 00 00 66 C6 AA 55 01 05 
00 00 15 4E 00 5F 00 55 AA 05 01 02 06 AA 55 05 01 00 04 55 AA 09 00 09 
AA 55 09 06 00 00 00 00 00 00 0F 00 55 AA 01 05 24 80 00 00 66 C6 AA 55 
01 05 00 00 15 4E 00 5F 55 AA 09 00 09 AA 55 09 06 00 00 00 00 00 00 0F 
00 55 AA 05 01 02 06 AA 55 05 01 00 04 55 AA 09 00 09 AA 55 09 06 00 00 
00 00 00 00 0F 00 55 AA 01 05 24 80 00 00 66 C6 AA 55 01 05 00 00 15 4E 
00 5F 00 55 AA 05 01 02 06 AA 55 05 01 00 04 55 AA 09 00 09 AA 55 09 06 
00 00 00 00 00 00 0F 00 55 AA 01 05 24 80 00 00 66 C6 AA 55 01 05 00 00 
15 4E 00 5F 55 AA 09 00 09 AA 55 09 06 00 00 00 00 00 00 0F 00 55 AA 05 
01 02 06 AA 55 05 01 00 04 55 AA 09 00 09 AA 55 09 06 00 00 00 00 00 00 
0F 00 55 AA 01 05 24 80 00 00 66 C6 AA 55 01 05 00 00 15 4E 00 5F 00 55 
AA 05 01 02 06 AA 55 05 01 00 04 55 AA 09 00 09 AA 55 09 06 00 00 00 00 
00 00 0F 00 55 AA 01 05 24 80 00 00 66 C6 AA 55 01 05 00 00 15 4E 00 5F 
55 AA 09 00 09 AA 55 09 06 00 00 00 00 00 00 0F 00 55 AA 05 01 02 06 AA 
55 05 01 00 04 55 AA 09 00 09 AA 55 09 06 00 00 00 00 00 00 0F 00 55 AA 
01 05 24 80 00 00 66 C6 AA 55 01 05 00 00 15 4E 00 5F 55 AA 09 00 09 AA 
55 09 06 00 00 00 00 00 00 0F 00 55 AA 05 01 02 06 AA 55 05 01 00 04 00 
55 AA 01 05 24 80 00 00 66 C6 AA 55 01 05 00 00 15 4E 00 5F 00 55 AA 05 
01 02 06 AA 55 05 01 00 04 55 AA 09 00 09 AA 55 09 06 00 00 00 00 00 00 
0F 00 55 AA 01 05 24 80 00 00 66 C6 AA 55 01 05 00 00 15 4E 00 5F 00 55 
AA 05 01 02 06 AA 55 05 01 00 04 55 AA 09 00 09 AA 55 09 06 00 00 00 00 
00 00 0F 00 55 AA 01 05 24 80 00 00 66 C6 AA 55 01 05 00 00 15 4E 00 5F 
55 AA 09 00 09 AA 55 09 06 00 00 00 00 00 00 0F 00 55 AA 05 01 02 06 AA 
55 05 01 00 04 55 AA 09 00 09 AA 55 09 06 00 00 00 00 00 00 0F 00 55 AA 
01 05 24 80 00 00 66 C6 AA 55 01 05 00 00 15 4E 00 5F 00 55 AA 05 01 02 
06 AA 55 05 01 00 04 55 AA 09 00 09 AA 55 09 06 00 00 00 00 00 00 0F 00 
55 AA 01 05 24 80 00 00 66 C6 AA 55 01 05 00 00 15 4E 00 5F 55 AA 09 00 
09 AA 55 09 06 00 00 00 00 00 00 0F 00 55 AA 05 01 02 06 AA 55 05 01 00 
04 55 AA 09 00 09 AA 55 09 06 00 00 00 00 00 00 0F 00 55 AA 01 05 24 80 
00 00 66 C6 AA 55 01 05 00 00 15 4E 00 5F 00 55 AA 05 01 02 06 AA 55 05 
01 00 04 55 AA 09 00 09 AA 55 09 06 00 00 00 00 00 00 0F 00 55 AA 01 05 
24 80 00 00 66 C6 AA 55 01 05 00 00 15 4E 00 5F 55 AA 09 00 09 AA 55 09 
06 00 00 00 00 00 00 0F 00 55 AA 05 01 02 06 AA 55 05 01 00 04 55 AA 09 
00 09 AA 55 09 06 00 00 00 00 00 00 0F 00 55 AA 01 05 24 80 00 00 66 C6 
AA 55 01 05 00 00 15 4E 00 5F 55 AA 09 00 09 AA 55 09 06 00 00 00 00 00 
00 0F 00 55 AA 05 01 02 06 AA 55 05 01 00 04 00 55 AA 01 05 24 80 00 00 
66 C6 AA 55 01 05 00 00 15 4E 00 5F 00 55 AA 05 01 02 06 AA 55 05 01 00 
04 55 AA 09 00 09 AA 55 09 06 00 00 00 00 00 00 0F 00 55 AA 01 05 24 80 
00 00 66 C6 AA 55 01 05 00 00 15 4E 00 5F 00 55 AA 05 01 02 06 AA 55 05 
01 00 04 55 AA 09 00 09 AA 55 09 06 00 00 00 00 00 00 0F 00 55 AA 01 05 
24 80 00 00 66 C6 AA 55 01 05 00 00 15 4E 00 5F 55 AA 09 00 09 AA 55 09 
06 00 00 00 00 00 00 0F 00 55 AA 05 01 02 06 AA 55 05 01 00 04 55 AA 09 
00 09 AA 55 09 06 00 00 00 00 00 00 0F 00 55 AA 01 05 24 80 00 00 66 C6 
AA 55 01 05 00 00 15 4E 00 5F 00 55 AA 05 01 02 06 AA 55 05 01 00 04 55 
AA 09 00 09 AA 55 09 06 00 00 00 00 00 00 0F 00 55 AA 01 05 24 80 00 00 
66 C6 AA 55 01 05 00 00 15 4E 00 5F 55 AA 09 00 09 AA 55 09 06 00 00 00 
00 00 00 0F 00 55 AA 05 01 02 06 AA 55 05 01 00 04 55 AA 09 00 09 AA 55 
09 06 00 00 00 00 00 00 0F 00 55 AA 01 05 24 80 00 00 66 C6 AA 55 01 05 
00 00 15 4E 00 5F 00 55 AA 05 01 02 06 AA 55 05 01 00 04 55 AA 09 00 09 
AA 55 09 06 00 00 00 00 00 00 0F 00 55 AA 01 05 24 80 00 00 66 C6 AA 55 
01 05 00 00 15 4E 00 5F 55 AA 09 00 09 AA 55 09 06 00 00 00 00 00 00 0F 
00 55 AA 05 01 02 06 AA 55 05 01 00 04 55 AA 09 00 09 AA 55 09 06 00 00 
00 00 00 00 0F 00 55 AA 01 05 24 80 00 00 66 C6 AA 55 01 05 00 00 15 4E 
00 5F 55 AA 09 00 09 AA 55 09 06 00 00 00 00 00 00 0F 00 55 AA 05 01 02 
06 AA 55 05 01 00 04 00 55 AA 01 05 24 80 00 00 66 C6 AA 55 01 05 00 00 
15 4E 00 5F 00 55 AA 05 01 02 06 AA 55 05 01 00 04 55 AA 09 00 09 AA 55 
09 06 00 00 00 00 00 00 0F 00 55 AA 01 05 24 80 00 00 66 C6 AA 55 01 05 
00 00 15 4E 00 5F 00 55 AA 05 01 02 06 AA 55 05 01 00 04 55 AA 09 00 09 
AA 55 09 06 00 00 00 00 00 00 0F 00 55 AA 01 05 24 80 00 00 66 C6 AA 55 
01 05 00 00 15 4E 00 5F 55 AA 09 00 09 AA 55 09 06 00 00 00 00 00 00 0F 
00 55 AA 05 01 02 06 AA 55 05 01 00 04 55 AA 09 00 09 AA 55 09 06 00 00 
00 00 00 00 0F 00 55 AA 01 05 24 80 00 00 66 C6 AA 55 01 05 00 00 15 4E 
00 5F 00 55 AA 05 01 02 06 AA 55 05 01 00 04 55 AA 09 00 09 AA 55 09 06 
00 00 00 00 00 00 0F 00 55 AA 01 05 24 80 00 00 66 C6 AA 55 01 05 00 00 
15 4E 00 5F 55 AA 09 00 09 AA 55 09 06 00 00 00 00 00 00 0F 00 55 AA 05 
01 02 06 AA 55 05 01 00 04 55 AA 09 00 09 AA 55 09 06 00 00 00 00 00 00 
0F 00 55 AA 01 05 24 80 00 00 66 C6 AA 55 01 05 00 00 15 4E 00 5F 00 55 
AA 05 01 02 06 AA 55 05 01 00 04 55 AA 09 00 09 AA 55 09 06 00 00 00 00 
00 00 0F 00 55 AA 01 05 24 80 00 00 66 C6 AA 55 01 05 00 00 15 4E 00 5F 
55 AA 09 00 09 AA 55 09 06 00 00 00 00 00 00 0F 00 55 AA 05 01 02 06 AA 
55 05 01 00 04 55 AA 09 00 09 AA 55 09 06 00 00 00 00 00 00 0F 00 55 AA 
01 05 24 80 00 00 66 C6 AA 55 01 05 00 00 15 4E 00 5F 55 AA 09 00 09 AA 
55 09 06 00 00 00 00 00 00 0F 00 55 AA 05 01 02 06 AA 55 05 01 00 04 00 
55 AA 01 05 24 80 00 00 66 C6 AA 55 01 05 00 00 15 4E 00 5F 00 55 AA 05 
01 02 06 AA 55 05 01 00 04 55 AA 09 00 09 AA 55 09 06 00 00 00 00 00 00 
0F 00 55 AA 01 05 24 80 00 00 66 C6 AA 55 01 05 00 00 15 4E 00 5F 00 55 
AA 05 01 02 06 AA 55 05 01 00 04 55 AA 09 00 09 AA 55 09 06 00 00 00 00 
00 00 0F 00 55 AA 01 05 24 80 00 00 66 C6 AA 55 01 05 00 00 15 4E 00 5F 
55 AA 09 00 09 AA 55 09 06 00 00 00 00 00 00 0F 00 55 AA 05 01 02 06 AA 
55 05 01 00 04 55 AA 09 00 09 AA 55 09 06 00 00 00 00 00 00 0F    
